29.5 27.0 0.5
29.5 26.5 0.5
29.5 26.0 0.5
29.5 25.5 0.5
29.5 25.0 0.5
29.75 24.75 0.5
30.0 24.5 0.5
30.25 24.25 0.5
30.5 24.0 0.5
30.5 23.5 0.5
31.0 23.0 0.5
31.25 22.75 0.5
31.5 22.5 0.5
32.0 22.5 0.5
32.25 22.25 0.5
32.5 22.0 0.5
32.75 21.75 0.5
33.0 21.5 0.5
33.5 21.5 0.5
34.0 21.5 0.5
34.5 21.5 0.5
35.0 21.5 0.5
35.5 21.5 0.5
36.0 21.5 0.5
36.5 21.5 0.5
37.0 22.0 0.5
38.0 23.0 0.5
38.25 23.25 0.5
38.5 23.5 0.5
38.5 24.0 0.5
38.5 24.5 0.5
39.0 25.0 0.5
39.0 26.0 0.5
39.0 27.0 0.5
38.75 27.25 0.5
38.5 27.5 0.5
38.5 28.0 0.5
38.5 28.5 0.5
38.5 29.0 0.5
38.25 29.25 0.5
38.0 29.5 0.5
37.75 29.75 0.5
37.5 30.0 0.5
37.25 30.25 0.5
37.0 30.5 0.5
36.5 30.5 0.5
36.0 31.0 0.5
35.75 31.25 0.5
35.5 31.5 0.5
35.0 31.5 0.5
34.5 31.5 0.5
34.0 31.5 0.5
33.5 31.5 0.5
33.0 31.5 0.5
32.75 31.25 0.5
32.5 31.0 0.5
32.25 30.75 0.5
32.0 30.5 0.5
31.5 30.5 0.5
31.0 30.5 0.5
30.75 30.25 0.5
30.5 30.0 0.5
30.5 29.5 0.5
30.5 29.0 0.5
30.25 28.75 0.5
30.0 28.5 0.5
29.75 28.25 0.5
29.5 28.0 0.5
29.5 27.5 0.5
29.5 27.0 0.5
